0.000000000000000000e+00
1.243449435824273974e-01
2.408768370508576617e-01
3.422735529643443075e-01
4.221639627510075377e-01
4.755282581475767656e-01
4.990133642141357795e-01
4.911436253643443051e-01
4.524135262330097329e-01
3.852566213878946266e-01
2.938926261462366241e-01
1.840622763423390706e-01
6.266661678215226794e-02
-6.266661678215214304e-02
-1.840622763423391539e-01
-2.938926261462365130e-01
-3.852566213878946821e-01
-4.524135262330098994e-01
-4.911436253643443606e-01
-4.990133642141357795e-01
-4.755282581475768211e-01
-4.221639627510077597e-01
-3.422735529643444741e-01
-2.408768370508576617e-01
-1.243449435824276750e-01
-1.224646799147353207e-16
1.243449435824274391e-01
2.408768370508578283e-01
3.422735529643446406e-01
4.221639627510073711e-01
4.755282581475767656e-01
4.990133642141357795e-01
4.911436253643443051e-01
4.524135262330096219e-01
3.852566213878942936e-01
2.938926261462366796e-01
1.840622763423389874e-01
6.266661678215194875e-02
-6.266661678215158793e-02
-1.840622763423386266e-01
-2.938926261462364020e-01
-3.852566213878945711e-01
-4.524135262330094553e-01
-4.911436253643442496e-01
-4.990133642141357795e-01
-4.755282581475768766e-01
-4.221639627510075932e-01
-3.422735529643442520e-01
-2.408768370508581613e-01
-1.243449435824277999e-01
-2.449293598294706414e-16
1.243449435824273280e-01
2.408768370508577172e-01
3.422735529643445296e-01
4.221639627510077597e-01
4.755282581475769876e-01
4.990133642141358350e-01
4.911436253643443051e-01
4.524135262330100660e-01
3.852566213878949042e-01
2.938926261462367906e-01
1.840622763423390984e-01
6.266661678215207365e-02
-6.266661678215146303e-02
-1.840622763423393482e-01
-2.938926261462362910e-01
-3.852566213878950707e-01
-4.524135262330097884e-01
-4.911436253643445271e-01
-4.990133642141357795e-01
-4.755282581475768766e-01
-4.221639627510080928e-01
-3.422735529643443075e-01
-2.408768370508582723e-01
-1.243449435824270505e-01
-3.673940397442059375e-16
1.243449435824263427e-01
2.408768370508576062e-01
3.422735529643438079e-01
4.221639627510077042e-01
4.755282581475766546e-01
4.990133642141358350e-01
4.911436253643443606e-01
4.524135262330093443e-01
3.852566213878955703e-01
2.938926261462369016e-01
1.840622763423400421e-01
6.266661678215219855e-02
-6.266661678215133813e-02
-1.840622763423392372e-01
-2.938926261462362355e-01
-3.852566213878950152e-01
-4.524135262330097329e-01
-4.911436253643445271e-01
-4.990133642141357795e-01
-4.755282581475769321e-01
-4.221639627510081483e-01
-3.422735529643444186e-01
-2.408768370508583556e-01
-1.243449435824271754e-01
-4.898587196589412829e-16
1.243449435824262317e-01
2.408768370508575229e-01
3.422735529643436969e-01
4.221639627510076487e-01
4.755282581475766546e-01
4.990133642141358350e-01
4.911436253643443606e-01
4.524135262330093998e-01
3.852566213878945156e-01
2.938926261462355694e-01
1.840622763423384878e-01
6.266661678215054709e-02
-6.266661678215298958e-02
-1.840622763423391262e-01
-2.938926261462375678e-01
-3.852566213878937940e-01
-4.524135262330089002e-01
-4.911436253643441385e-01
-4.990133642141358905e-01
-4.755282581475769876e-01
-4.221639627510082593e-01
-3.422735529643444741e-01
-2.408768370508584666e-01
-1.243449435824273003e-01
-6.123233995736766282e-16
1.243449435824261068e-01
2.408768370508574119e-01
3.422735529643449182e-01
4.221639627510075932e-01
4.755282581475765991e-01
4.990133642141356685e-01
4.911436253643440830e-01
4.524135262330094553e-01
3.852566213878945711e-01
2.938926261462371237e-01
1.840622763423369612e-01
6.266661678215067199e-02
-6.266661678215286468e-02
-1.840622763423390151e-01
-2.938926261462360134e-01
-3.852566213878937385e-01
-4.524135262330088447e-01
-4.911436253643438055e-01
-4.990133642141357795e-01
-4.755282581475769876e-01
-4.221639627510083148e-01
-3.422735529643459174e-01
-2.408768370508570233e-01
-1.243449435824274113e-01
-7.347880794884118750e-16
1.243449435824259958e-01
2.408768370508557466e-01
3.422735529643448071e-01
4.221639627510075377e-01
4.755282581475765435e-01
4.990133642141356685e-01
4.911436253643440830e-01
4.524135262330095109e-01
3.852566213878946821e-01
2.938926261462371792e-01
1.840622763423370722e-01
6.266661678215079689e-02
-6.266661678215273978e-02
-1.840622763423389041e-01
-2.938926261462359024e-01
-3.852566213878959034e-01
-4.524135262330087892e-01
-4.911436253643438055e-01
-4.990133642141357795e-01
-4.755282581475770431e-01
-4.221639627510083703e-01
-3.422735529643459729e-01
-2.408768370508571344e-01
-1.243449435824275362e-01
-8.572527594031472204e-16
1.243449435824258709e-01
2.408768370508556356e-01
3.422735529643446961e-01
4.221639627510074266e-01
4.755282581475764880e-01
4.990133642141356685e-01
4.911436253643440830e-01
4.524135262330095664e-01
3.852566213878947377e-01
2.938926261462372902e-01
1.840622763423371833e-01
6.266661678215092179e-02
-6.266661678215261488e-02
-1.840622763423387931e-01
-2.938926261462357914e-01
-3.852566213878958479e-01
-4.524135262330087337e-01
-4.911436253643437500e-01
-4.990133642141357795e-01
-4.755282581475770987e-01
-4.221639627510084258e-01
-3.422735529643460839e-01
-2.408768370508572454e-01
-1.243449435824276472e-01
-9.797174393178825657e-16
1.243449435824291877e-01
2.408768370508555245e-01
3.422735529643446406e-01
4.221639627510073711e-01
4.755282581475753778e-01
4.990133642141356685e-01
4.911436253643448047e-01
4.524135262330096219e-01
3.852566213878970691e-01
2.938926261462374012e-01
1.840622763423405972e-01
6.266661678215103282e-02
-6.266661678214897890e-02
-1.840622763423386543e-01
-2.938926261462356804e-01
-3.852566213878957369e-01
-4.524135262330087337e-01
-4.911436253643444161e-01
-4.990133642141357795e-01
-4.755282581475760439e-01
-4.221639627510084813e-01
-3.422735529643435859e-01
-2.408768370508573564e-01
-1.243449435824243304e-01
-1.102182119232617911e-15
1.243449435824290766e-01
2.408768370508554135e-01
3.422735529643445296e-01
4.221639627510073156e-01
4.755282581475775427e-01
4.990133642141356685e-01
4.911436253643448047e-01
4.524135262330096219e-01
3.852566213878971801e-01
2.938926261462375122e-01
1.840622763423407082e-01
6.266661678215115772e-02
-6.266661678214885400e-02
-1.840622763423385433e-01
-2.938926261462356249e-01
-3.852566213878956813e-01
-4.524135262330086782e-01
-4.911436253643443606e-01
-4.990133642141358350e-01
-4.755282581475760439e-01
-4.221639627510085924e-01
-3.422735529643436414e-01
-2.408768370508574674e-01
-1.243449435824244415e-01
-1.224646799147353256e-15
1.243449435824289517e-01
2.408768370508553025e-01
3.422735529643444741e-01
4.221639627510072601e-01
4.755282581475774872e-01
4.990133642141358905e-01
4.911436253643455263e-01
4.524135262330096774e-01
3.852566213878949597e-01
2.938926261462375678e-01
1.840622763423408192e-01
6.266661678215480757e-02
-6.266661678214872910e-02
-1.840622763423417352e-01
-2.938926261462326273e-01
-3.852566213878956258e-01
-4.524135262330101215e-01
-4.911436253643443606e-01
-4.990133642141358350e-01
-4.755282581475772097e-01
-4.221639627510086479e-01
-3.422735529643411434e-01
-2.408768370508606871e-01
-1.243449435824245664e-01
-4.899825157862589137e-15
1.243449435824288407e-01
2.408768370508583279e-01
3.422735529643443630e-01
4.221639627510072046e-01
4.755282581475763770e-01
4.990133642141356685e-01
4.911436253643448602e-01
4.524135262330112872e-01
3.852566213878972912e-01
2.938926261462347922e-01
1.840622763423442332e-01
6.266661678215140752e-02
-6.266661678215212916e-02
-1.840622763423383212e-01
-2.938926261462354028e-01
-3.852566213878932389e-01
-4.524135262330085672e-01
-4.911436253643450267e-01
-4.990133642141360570e-01
-4.755282581475761550e-01
-4.221639627510068160e-01
-3.422735529643438079e-01
-2.408768370508576617e-01
-1.243449435824281191e-01
