-1.469576158976823750e-15
1.243449435824252741e-01
2.408768370508488632e-01
3.422735529643365360e-01
4.221639627510014314e-01
4.755282581475730463e-01
4.990133642141345027e-01
4.911436253643481908e-01
4.524135262330188922e-01
3.852566213879087265e-01
2.938926261462607714e-01
1.840622763423674924e-01
6.266661678218324316e-02
-6.266661678211324360e-02
-1.840622763423018782e-01
-2.938926261462037060e-01
-3.852566213878682588e-01
-4.524135262329888052e-01
-4.911436253643349792e-01
-4.990133642141389436e-01
-4.755282581475948622e-01
-4.221639627510392345e-01
-3.422735529643879393e-01
-2.408768370509107026e-01
-1.243449435824936222e-01
-6.909360073610107458e-14
1.243449435823597848e-01
2.408768370507958223e-01
3.422735529642872421e-01
4.221639627509651826e-01
4.755282581475521186e-01
4.990133642141302839e-01
4.911436253643609029e-01
4.524135262330476470e-01
3.852566213879518031e-01
2.938926261463155054e-01
1.840622763424303587e-01
6.266661678225034227e-02
-6.266661678204614450e-02
-1.840622763422390118e-01
-2.938926261461489720e-01
-3.852566213878251267e-01
-4.524135262329600504e-01
-4.911436253643223226e-01
-4.990133642141432180e-01
-4.755282581476135140e-01
-4.221639627510754833e-01
-3.422735529644372332e-01
-2.408768370509699608e-01
-1.243449435825591254e-01
-1.367176253132253274e-13
1.243449435822942817e-01
2.408768370507365641e-01
3.422735529642378927e-01
4.221639627509289339e-01
4.755282581475312464e-01
4.990133642141260095e-01
4.911436253643735594e-01
4.524135262330764573e-01
3.852566213879949353e-01
2.938926261463701839e-01
1.840622763424932251e-01
6.266661678231742749e-02
-6.266661678198610919e-02
-1.840622763421761177e-01
-2.938926261460942935e-01
-3.852566213877820500e-01
-4.524135262329312401e-01
-4.911436253643096661e-01
-4.990133642141474368e-01
-4.755282581476344417e-01
-4.221639627511116766e-01
-3.422735529644865271e-01
-2.408768370510292189e-01
-1.243449435826177452e-01
-2.043416498903495802e-13
1.243449435822287785e-01
2.408768370506773060e-01
3.422735529641885988e-01
4.221639627508926851e-01
4.755282581475103187e-01
4.990133642141222348e-01
4.911436253643862160e-01
4.524135262331052676e-01
3.852566213880380119e-01
2.938926261464249179e-01
1.840622763425561192e-01
6.266661678238451272e-02
-6.266661678191901008e-02
-1.840622763421132513e-01
-2.938926261460395595e-01
-3.852566213877389734e-01
-4.524135262329054830e-01
-4.911436253642969541e-01
-4.990133642141517112e-01
-4.755282581476553139e-01
-4.221639627511479254e-01
-3.422735529645358210e-01
-2.408768370510884771e-01
-1.243449435826832344e-01
-2.719656744674738330e-13
1.243449435821632754e-01
2.408768370506180478e-01
3.422735529641393049e-01
4.221639627508564918e-01
4.755282581474894466e-01
4.990133642141180159e-01
4.911436253643989280e-01
4.524135262331340779e-01
3.852566213880811441e-01
2.938926261464738787e-01
1.840622763426189856e-01
6.266661678245161182e-02
-6.266661678185192486e-02
-1.840622763420503849e-01
-2.938926261459848810e-01
-3.852566213876958412e-01
-4.524135262328766727e-01
-4.911436253642842975e-01
-4.990133642141559300e-01
-4.755282581476762416e-01
-4.221639627511841741e-01
-3.422735529645851149e-01
-2.408768370511477352e-01
-1.243449435827487376e-01
-3.395896990445981111e-13
1.243449435820977861e-01
2.408768370505587897e-01
3.422735529640952290e-01
4.221639627508202430e-01
4.755282581474685188e-01
4.990133642141137416e-01
4.911436253644115846e-01
4.524135262331628327e-01
3.852566213881242208e-01
2.938926261465285572e-01
1.840622763426818520e-01
6.266661678251869705e-02
-6.266661678178483963e-02
-1.840622763419874908e-01
-2.938926261459301470e-01
-3.852566213876527090e-01
-4.524135262328479179e-01
-4.911436253642716410e-01
-4.990133642141602044e-01
-4.755282581476971138e-01
-4.221639627512165927e-01
-3.422735529646344088e-01
-2.408768370512069934e-01
-1.243449435828142408e-01
-4.072137236217223386e-13
1.243449435820322829e-01
2.408768370504995315e-01
3.422735529640459351e-01
4.221639627507839942e-01
4.755282581474476467e-01
4.990133642141095227e-01
4.911436253644229089e-01
4.524135262331916429e-01
3.852566213881673529e-01
2.938926261465832912e-01
1.840622763427447461e-01
6.266661678258579615e-02
-6.266661678171774053e-02
-1.840622763419312302e-01
-2.938926261458754685e-01
-3.852566213876096324e-01
-4.524135262328191076e-01
-4.911436253642589844e-01
-4.990133642141644232e-01
-4.755282581477180415e-01
-4.221639627512528414e-01
-3.422735529646837027e-01
-2.408768370512662516e-01
-1.243449435828797439e-01
-4.677323208412455643e-13
1.243449435819667798e-01
2.408768370504402734e-01
3.422735529639966412e-01
4.221639627507477455e-01
4.755282581474267745e-01
4.990133642141052484e-01
4.911436253644355654e-01
4.524135262332204532e-01
3.852566213882104296e-01
2.938926261466380252e-01
1.840622763428076125e-01
6.266661678265288138e-02
-6.266661678165065530e-02
-1.840622763418683638e-01
-2.938926261458207345e-01
-3.852566213875665557e-01
-4.524135262327902973e-01
-4.911436253642476046e-01
-4.990133642141686976e-01
-4.755282581477389137e-01
-4.221639627512890347e-01
-3.422735529647330521e-01
-2.408768370513255097e-01
-1.243449435829452332e-01
-5.353563454183698424e-13
1.243449435819012766e-01
2.408768370503810152e-01
3.422735529639473473e-01
4.221639627507115522e-01
4.755282581474058468e-01
4.990133642141010295e-01
4.911436253644482774e-01
4.524135262332492080e-01
3.852566213882535617e-01
2.938926261466927037e-01
1.840622763428704789e-01
6.266661678271291669e-02
-6.266661678158355619e-02
-1.840622763417988639e-01
-2.938926261457717737e-01
-3.852566213875234236e-01
-4.524135262327584894e-01
-4.911436253642349481e-01
-4.990133642141729164e-01
-4.755282581477576209e-01
-4.221639627513252835e-01
-3.422735529647823460e-01
-2.408768370513785506e-01
-1.243449435830107364e-01
-6.100857973530951223e-13
1.243449435818426707e-01
2.408768370503217571e-01
3.422735529638928353e-01
4.221639627506790782e-01
4.755282581473849746e-01
4.990133642140971992e-01
4.911436253644609340e-01
4.524135262332780183e-01
3.852566213882921420e-01
2.938926261467474377e-01
1.840622763429333730e-01
6.266661678278001579e-02
-6.266661678151647097e-02
-1.840622763417359975e-01
-2.938926261457170952e-01
-3.852566213874802914e-01
-4.524135262327296791e-01
-4.911436253642222916e-01
-4.990133642141771908e-01
-4.755282581477784931e-01
-4.221639627513615323e-01
-3.422735529648316399e-01
-2.408768370514378088e-01
-1.243449435830762395e-01
-6.777098219302194003e-13
1.243449435817771676e-01
2.408768370502624989e-01
3.422735529638435414e-01
4.221639627506428849e-01
4.755282581473640469e-01
4.990133642140929804e-01
4.911436253644735905e-01
4.524135262333068286e-01
3.852566213883352186e-01
2.938926261468021162e-01
1.840622763429962394e-01
6.266661678284710102e-02
-6.266661678144938574e-02
-1.840622763416731311e-01
-2.938926261456623612e-01
-3.852566213874372147e-01
-4.524135262327069751e-01
-4.911436253642096350e-01
-4.990133642141814097e-01
-4.755282581477994208e-01
-4.221639627513977810e-01
-3.422735529648809338e-01
-2.408768370514970669e-01
-1.243449435831417427e-01
-7.453338465073435774e-13
1.243449435817116644e-01
2.408768370502032408e-01
3.422735529637942475e-01
4.221639627506066361e-01
4.755282581473431747e-01
4.990133642140887060e-01
4.911436253644862471e-01
4.524135262333355834e-01
3.852566213883783508e-01
2.938926261468568502e-01
1.840622763430591058e-01
6.266661678291420012e-02
-6.266661678138228664e-02
-1.840622763416102370e-01
-2.938926261456076272e-01
-3.852566213873940826e-01
-4.524135262326781648e-01
-4.911436253641969230e-01
-4.990133642141856840e-01
-4.755282581478202930e-01
-4.221639627514339743e-01
-3.422735529649302277e-01
-2.408768370515563251e-01
-1.243449435832072320e-01
