0.000000000000000000e+00
2.486898871648547948e-01
4.817536741017153235e-01
6.845471059286886151e-01
8.443279255020150753e-01
9.510565162951535312e-01
9.980267284282715590e-01
9.822872507286886101e-01
9.048270524660194658e-01
7.705132427757892533e-01
5.877852522924732481e-01
3.681245526846781413e-01
1.253332335643045359e-01
-1.253332335643042861e-01
-3.681245526846783078e-01
-5.877852522924730261e-01
-7.705132427757893643e-01
-9.048270524660197989e-01
-9.822872507286887211e-01
-9.980267284282715590e-01
-9.510565162951536422e-01
-8.443279255020155194e-01
-6.845471059286889481e-01
-4.817536741017153235e-01
-2.486898871648553500e-01
-2.449293598294706414e-16
2.486898871648548781e-01
4.817536741017156565e-01
6.845471059286892812e-01
8.443279255020147422e-01
9.510565162951535312e-01
9.980267284282715590e-01
9.822872507286886101e-01
9.048270524660192438e-01
7.705132427757885871e-01
5.877852522924733591e-01
3.681245526846779748e-01
1.253332335643038975e-01
-1.253332335643031759e-01
-3.681245526846772531e-01
-5.877852522924728040e-01
-7.705132427757891422e-01
-9.048270524660189107e-01
-9.822872507286884991e-01
-9.980267284282715590e-01
-9.510565162951537532e-01
-8.443279255020151863e-01
-6.845471059286885041e-01
-4.817536741017163227e-01
-2.486898871648555998e-01
-4.898587196589412829e-16
2.486898871648546561e-01
4.817536741017154345e-01
6.845471059286890592e-01
8.443279255020155194e-01
9.510565162951539753e-01
9.980267284282716700e-01
9.822872507286886101e-01
9.048270524660201319e-01
7.705132427757898084e-01
5.877852522924735812e-01
3.681245526846781968e-01
1.253332335643041473e-01
-1.253332335643029261e-01
-3.681245526846786964e-01
-5.877852522924725820e-01
-7.705132427757901414e-01
-9.048270524660195768e-01
-9.822872507286890542e-01
-9.980267284282715590e-01
-9.510565162951537532e-01
-8.443279255020161855e-01
-6.845471059286886151e-01
-4.817536741017165447e-01
-2.486898871648541010e-01
-7.347880794884118750e-16
2.486898871648526854e-01
4.817536741017152124e-01
6.845471059286876159e-01
8.443279255020154084e-01
9.510565162951533091e-01
9.980267284282716700e-01
9.822872507286887211e-01
9.048270524660186886e-01
7.705132427757911406e-01
5.877852522924738032e-01
3.681245526846800842e-01
1.253332335643043971e-01
-1.253332335643026763e-01
-3.681245526846784744e-01
-5.877852522924724710e-01
-7.705132427757900304e-01
-9.048270524660194658e-01
-9.822872507286890542e-01
-9.980267284282715590e-01
-9.510565162951538642e-01
-8.443279255020162966e-01
-6.845471059286888371e-01
-4.817536741017167112e-01
-2.486898871648543508e-01
-9.797174393178825657e-16
2.486898871648524634e-01
4.817536741017150459e-01
6.845471059286873938e-01
8.443279255020152974e-01
9.510565162951533091e-01
9.980267284282716700e-01
9.822872507286887211e-01
9.048270524660187997e-01
7.705132427757890312e-01
5.877852522924711387e-01
3.681245526846769756e-01
1.253332335643010942e-01
-1.253332335643059792e-01
-3.681245526846782523e-01
-5.877852522924751355e-01
-7.705132427757875879e-01
-9.048270524660178005e-01
-9.822872507286882771e-01
-9.980267284282717810e-01
-9.510565162951539753e-01
-8.443279255020165186e-01
-6.845471059286889481e-01
-4.817536741017169333e-01
-2.486898871648546006e-01
-1.224646799147353256e-15
2.486898871648522136e-01
4.817536741017148239e-01
6.845471059286898363e-01
8.443279255020151863e-01
9.510565162951531981e-01
9.980267284282713369e-01
9.822872507286881660e-01
9.048270524660189107e-01
7.705132427757891422e-01
5.877852522924742473e-01
3.681245526846739224e-01
1.253332335643013440e-01
-1.253332335643057294e-01
-3.681245526846780303e-01
-5.877852522924720269e-01
-7.705132427757874769e-01
-9.048270524660176894e-01
-9.822872507286876109e-01
-9.980267284282715590e-01
-9.510565162951539753e-01
-8.443279255020166296e-01
-6.845471059286918347e-01
-4.817536741017140467e-01
-2.486898871648548226e-01
-1.469576158976823750e-15
2.486898871648519915e-01
4.817536741017114932e-01
6.845471059286896143e-01
8.443279255020150753e-01
9.510565162951530871e-01
9.980267284282713369e-01
9.822872507286881660e-01
9.048270524660190217e-01
7.705132427757893643e-01
5.877852522924743583e-01
3.681245526846741445e-01
1.253332335643015938e-01
-1.253332335643054796e-01
-3.681245526846778082e-01
-5.877852522924718048e-01
-7.705132427757918068e-01
-9.048270524660175784e-01
-9.822872507286876109e-01
-9.980267284282715590e-01
-9.510565162951540863e-01
-8.443279255020167406e-01
-6.845471059286919457e-01
-4.817536741017142687e-01
-2.486898871648550724e-01
-1.714505518806294441e-15
2.486898871648517417e-01
4.817536741017112711e-01
6.845471059286893922e-01
8.443279255020148533e-01
9.510565162951529761e-01
9.980267284282713369e-01
9.822872507286881660e-01
9.048270524660191327e-01
7.705132427757894753e-01
5.877852522924745804e-01
3.681245526846743665e-01
1.253332335643018436e-01
-1.253332335643052298e-01
-3.681245526846775862e-01
-5.877852522924715828e-01
-7.705132427757916957e-01
-9.048270524660174674e-01
-9.822872507286874999e-01
-9.980267284282715590e-01
-9.510565162951541973e-01
-8.443279255020168517e-01
-6.845471059286921678e-01
-4.817536741017144908e-01
-2.486898871648552944e-01
-1.959434878635765131e-15
2.486898871648583753e-01
4.817536741017110491e-01
6.845471059286892812e-01
8.443279255020147422e-01
9.510565162951507556e-01
9.980267284282713369e-01
9.822872507286896093e-01
9.048270524660192438e-01
7.705132427757941382e-01
5.877852522924748024e-01
3.681245526846811944e-01
1.253332335643020656e-01
-1.253332335642979578e-01
-3.681245526846773086e-01
-5.877852522924713607e-01
-7.705132427757914737e-01
-9.048270524660174674e-01
-9.822872507286888322e-01
-9.980267284282715590e-01
-9.510565162951520879e-01
-8.443279255020169627e-01
-6.845471059286871718e-01
-4.817536741017147128e-01
-2.486898871648486609e-01
-2.204364238465235822e-15
2.486898871648581533e-01
4.817536741017108270e-01
6.845471059286890592e-01
8.443279255020146312e-01
9.510565162951550855e-01
9.980267284282713369e-01
9.822872507286896093e-01
9.048270524660192438e-01
7.705132427757943603e-01
5.877852522924750245e-01
3.681245526846814164e-01
1.253332335643023154e-01
-1.253332335642977080e-01
-3.681245526846770866e-01
-5.877852522924712497e-01
-7.705132427757913627e-01
-9.048270524660173564e-01
-9.822872507286887211e-01
-9.980267284282716700e-01
-9.510565162951520879e-01
-8.443279255020171847e-01
-6.845471059286872828e-01
-4.817536741017149349e-01
-2.486898871648488829e-01
-2.449293598294706513e-15
2.486898871648579035e-01
4.817536741017106050e-01
6.845471059286889481e-01
8.443279255020145202e-01
9.510565162951549745e-01
9.980267284282717810e-01
9.822872507286910526e-01
9.048270524660193548e-01
7.705132427757899194e-01
5.877852522924751355e-01
3.681245526846816385e-01
1.253332335643096151e-01
-1.253332335642974582e-01
-3.681245526846834704e-01
-5.877852522924652545e-01
-7.705132427757912517e-01
-9.048270524660202430e-01
-9.822872507286887211e-01
-9.980267284282716700e-01
-9.510565162951544194e-01
-8.443279255020172958e-01
-6.845471059286822868e-01
-4.817536741017213742e-01
-2.486898871648491327e-01
-9.799650315725178274e-15
2.486898871648576814e-01
4.817536741017166557e-01
6.845471059286887261e-01
8.443279255020144092e-01
9.510565162951527540e-01
9.980267284282713369e-01
9.822872507286897203e-01
9.048270524660225744e-01
7.705132427757945823e-01
5.877852522924695844e-01
3.681245526846884664e-01
1.253332335643028150e-01
-1.253332335643042583e-01
-3.681245526846766425e-01
-5.877852522924708056e-01
-7.705132427757864777e-01
-9.048270524660171343e-01
-9.822872507286900534e-01
-9.980267284282721141e-01
-9.510565162951523099e-01
-8.443279255020136320e-01
-6.845471059286876159e-01
-4.817536741017153235e-01
-2.486898871648562381e-01
