-2.968980466531601775e-02
1.994971674006645098e-03
3.985393866586197514e-02
8.632090282535354042e-02
1.431286913120854987e-01
2.113671022290339319e-01
2.906333728967699925e-01
3.774368581864705474e-01
4.632752691026652547e-01
5.340898653843000332e-01
5.740604905171539096e-01
5.744995206609094796e-01
5.420231538776190128e-01
4.972573637249764200e-01
4.627627318031422576e-01
4.504701122311938200e-01
4.593073560224324448e-01
4.807432020539773587e-01
5.044119019939812265e-01
5.215141503568678782e-01
5.270949990005519004e-01
5.213326641265814132e-01
5.089144167985527600e-01
4.963582330314731950e-01
4.887743898884513438e-01
4.880024369383735294e-01
4.927525144088941711e-01
4.999631776436319619e-01
5.063652716205924165e-01
5.096982432761559823e-01
5.093383635486177230e-01
5.062280299084542801e-01
5.021985245971348766e-01
4.990447711246139839e-01
4.978073973492441739e-01
4.985355975359765379e-01
5.005057317491956592e-01
5.026811003445746939e-01
5.041768546727641853e-01
5.045635915624629986e-01
5.039353504359178615e-01
5.027617219833914186e-01
5.016223819726705058e-01
5.009544387457919301e-01
5.009127829736816917e-01
5.013737927171713071e-01
5.020466090412153415e-01
5.026231896561995649e-01
5.029010704024360345e-01
5.028384643031384993e-01
5.025352569475977083e-01
5.021629541164048804e-01
5.018818995122759086e-01
5.017811723562604076e-01
5.018598062625821976e-01
5.020473288109676968e-01
5.022466624538726165e-01
5.023777190963508721e-01
5.024047158286527592e-01
5.023402663777178923e-01
5.022297600288865294e-01
5.021264267456625463e-01
5.020688699059153715e-01
5.020692956716769073e-01
5.021146451327485050e-01
5.021772988936149540e-01
5.022290514485244772e-01
5.022522029704910018e-01
5.022441064396440114e-01
5.022148551788284676e-01
5.021805279075162165e-01
5.021556039248031844e-01
5.021476860281857135e-01
5.021560727544467362e-01
5.021738782999739525e-01
5.021920852370654886e-01
5.022035244159683831e-01
5.022052516896736707e-01
5.021987539570605952e-01
5.021883863430310901e-01
5.021790409984074888e-01
5.021741250451735583e-01
5.021745656304607008e-01
5.021790007275304113e-01
5.021848177228596111e-01
5.021894473664110237e-01
5.021913532118958967e-01
5.021903995415314403e-01
5.021875928265018274e-01
5.021844364567060737e-01
5.021822356269619592e-01
5.021816338086699805e-01
5.021825096065266614e-01
5.021841939922235820e-01
5.021858522077476961e-01
5.021868452214767187e-01
5.021869347278649087e-01
5.021862867495648919e-01
5.021853172027525014e-01
5.021844746076016275e-01
5.021840584172875266e-01
5.021841356998322237e-01
5.021845667119572143e-01
5.021851052135117843e-01
5.021855178979329759e-01
5.021856722459061562e-01
5.021855656569617077e-01
5.021852975827221233e-01
5.021850081678095323e-01
5.021848147045649968e-01
5.021847710995042124e-01
5.021848609994136181e-01
5.021850197682523609e-01
5.021851703553344981e-01
5.021852560185285919e-01
5.021852578761197838e-01
5.021851938340086141e-01
5.021851034452819995e-01
5.021850277169387367e-01
5.021849928397644769e-01
5.021850032965150534e-01
5.021850449439144715e-01
5.021850946529344828e-01
5.021851313006353568e-01
5.021851435386079920e-01
5.021851320334991264e-01
5.021851065370616096e-01
5.021850800744253052e-01
5.021850631512347896e-01
5.021850602282094123e-01
5.021850693301099788e-01
5.021850842444605112e-01
5.021850978793293008e-01
5.021851052167469742e-01
5.021851048031109599e-01
5.021850985221804065e-01
5.021850901206855733e-01
5.021850833371864775e-01
5.021850804500245236e-01
5.021850817158914904e-01
5.021850857193782547e-01
5.021850902950776296e-01
5.021850935363855184e-01
5.021850944794199467e-01
5.021850932683100677e-01
5.021850908528596724e-01
5.021850884400974602e-01
5.021850869677089158e-01
5.021850867992549983e-01
5.021850877104062638e-01
5.021850891068566636e-01
5.021850903376779973e-01
5.021850909610404701e-01
5.021850908695547622e-01
5.021850902576943110e-01
5.021850894790701458e-01
5.021850888735445162e-01
5.021850886381199475e-01
5.021850887820829001e-01
5.021850891651187254e-01
5.021850895851297514e-01
5.021850898705619848e-01
5.021850899403299540e-01
5.021850898152396825e-01
5.021850895872498333e-01
5.021850893678942995e-01
5.021850892405574918e-01
5.021850892343049377e-01
5.021850893246532221e-01
5.021850894549951816e-01
5.021850895657531400e-01
5.021850896182080692e-01
5.021850896049209201e-01
5.021850895456716479e-01
5.021850894737180937e-01
5.021850894198655046e-01
5.021850894010330135e-01
5.021850894167597668e-01
5.021850894532483567e-01
5.021850894916939367e-01
5.021850895167105922e-01
5.021850895215548283e-01
5.021850895088266764e-01
5.021850894873820526e-01
5.021850894674976251e-01
5.021850894565595969e-01
5.021850894568326007e-01
5.021850894657187148e-01
5.021850894778477903e-01
5.021850894877820659e-01
5.021850894921464636e-01
5.021850894904815732e-01
5.021850894847751379e-01
5.021850894781446639e-01
5.021850894733738135e-01
5.021850894719046554e-01
5.021850894735747639e-01
5.021850894770365503e-01
5.021850894805457433e-01
5.021850894827272205e-01
5.021850894830277579e-01
5.021850894817485589e-01
5.021850894797381670e-01
5.021850894779410490e-01
5.021850894770083507e-01
5.021850894771107132e-01
5.021850894779784635e-01
5.021850894791037856e-01
5.021850894799919640e-01
5.021850894803503440e-01
5.021850894801572762e-01
5.021850894796102693e-01
5.021850894790008679e-01
5.021850894785798713e-01
5.021850894784692931e-01
5.021850894786431541e-01
5.021850894789703368e-01
5.021850894792897479e-01
5.021850894794785969e-01
5.021850894794926967e-01
5.021850894793655762e-01
5.021850894791776154e-01
5.021850894790156339e-01
5.021850894789369191e-01
5.021850894789534614e-01
5.021850894790377273e-01
5.021850894791420883e-01
5.021850894792213582e-01
5.021850894792503350e-01
5.021850894792287967e-01
5.021850894791766162e-01
5.021850894791206610e-01
5.021850894790838016e-01
5.021850894790755859e-01
5.021850894790931275e-01
5.021850894791237696e-01
5.021850894791527464e-01
5.021850894791693998e-01
5.021850894791696218e-01
5.021850894791572983e-01
5.021850894791397568e-01
5.021850894791252129e-01
5.021850894791185516e-01
5.021850894791205500e-01
5.021850894791284325e-01
5.021850894791380915e-01
5.021850894791451969e-01
5.021850894791475284e-01
5.021850894791454190e-01
5.021850894791407560e-01
5.021850894791354269e-01
5.021850894791318742e-01
5.021850894791310971e-01
5.021850894791329845e-01
5.021850894791360931e-01
5.021850894791388686e-01
5.021850894791403119e-01
5.021850894791402009e-01
5.021850894791389797e-01
5.021850894791372033e-01
5.021850894791356490e-01
5.021850894791348718e-01
5.021850894791353159e-01
5.021850894791364261e-01
5.021850894791375364e-01
5.021850894791383135e-01
5.021850894791386466e-01
5.021850894791382025e-01
5.021850894791374254e-01
5.021850894791367592e-01
5.021850894791363151e-01
5.021850894791363151e-01
5.021850894791366482e-01
5.021850894791369813e-01
5.021850894791374254e-01
5.021850894791374254e-01
5.021850894791372033e-01
5.021850894791368702e-01
5.021850894791368702e-01
5.021850894791368702e-01
5.021850894791368702e-01
5.021850894791368702e-01
5.021850894791368702e-01
5.021850894791368702e-01
5.021850894791368702e-01
5.021850894791368702e-01
5.021850894791368702e-01
5.021850894791368702e-01
5.021850894791368702e-01
5.021850894791368702e-01
5.021850894791368702e-01
5.021850894791368702e-01
5.021850894791368702e-01
5.021850894791368702e-01
5.021850894791368702e-01
5.021850894791368702e-01
5.021850894791368702e-01
5.021850894791368702e-01
5.021850894791368702e-01
5.021850894791368702e-01
