0.000000000000000000e+00
2.228712060898178748e+00
2.425269559920047335e+00
2.582095679007881950e-01
4.176528244436696347e-01
8.971823786279184976e-01
9.473109810975639533e-01
9.038372493174218203e-01
7.980172820139742607e-01
6.425355483168369020e-01
4.517884676246833875e-01
2.406420894502680763e-01
2.255900689272868562e-02
-1.920316601874570428e-01
-3.963127696339980854e-01
-5.856711407565057259e-01
-7.538624485739927605e-01
-8.880003205967420543e-01
-9.662850173542777421e-01
-9.644615199180222032e-01
-8.736323429614303304e-01
-7.162771806816053966e-01
-5.328110482058988628e-01
-3.448000541765998128e-01
-1.478206316574831036e-01
6.393373264400274703e-02
2.848693418465474969e-01
5.003594372272892610e-01
6.913145414287664714e-01
8.386332118686375958e-01
9.273326704805471277e-01
9.492955996623847481e-01
9.040732039626059313e-01
7.980316317173046237e-01
6.425365089173447064e-01
4.517885674239379701e-01
2.406420962218980275e-01
2.255900741976880550e-02
-1.920316601256544242e-01
-3.963127696286489754e-01
-5.856711407559438420e-01
-7.538624485738926184e-01
-8.880003205967187396e-01
-9.662850173542690824e-01
-9.644615199180187615e-01
-8.736323429614372138e-01
-7.162771806816098374e-01
-5.328110482058943109e-01
-3.448000541766013116e-01
-1.478206316574831036e-01
6.393373264400022127e-02
2.848693418465474969e-01
5.003594372272892610e-01
6.913145414287664714e-01
8.386332118686365966e-01
9.273326704805496812e-01
9.492955996623865245e-01
9.040732039626059313e-01
7.980316317173071772e-01
6.425365089173462607e-01
4.517885674239379701e-01
2.406420962218980275e-01
2.255900741976525278e-02
-1.920316601256544242e-01
-3.963127696286479207e-01
-5.856711407559438420e-01
-7.538624485738951719e-01
-8.880003205967187396e-01
-9.662850173542716359e-01
-9.644615199180187615e-01
-8.736323429614372138e-01
-7.162771806816062847e-01
-5.328110482058943109e-01
-3.448000541766013116e-01
-1.478206316574805779e-01
6.393373264400022127e-02
2.848693418465459981e-01
5.003594372272918145e-01
6.913145414287614754e-01
8.386332118686401493e-01
9.273326704805471277e-01
9.492955996623847481e-01
9.040732039626059313e-01
7.980316317173081764e-01
6.425365089173488142e-01
4.517885674239379701e-01
2.406420962218995263e-01
2.255900741976525278e-02
-1.920316601256544242e-01
-3.963127696286479207e-01
-5.856711407559473948e-01
-7.538624485738951719e-01
-8.880003205967187396e-01
-9.662850173542716359e-01
-9.644615199180187615e-01
-8.736323429614372138e-01
-7.162771806816062847e-01
-5.328110482058943109e-01
-3.448000541766013116e-01
-1.478206316574805779e-01
6.393373264400022127e-02
2.848693418465459981e-01
5.003594372272892610e-01
6.913145414287650281e-01
8.386332118686401493e-01
9.273326704805471277e-01
9.492955996623847481e-01
9.040732039626059313e-01
7.980316317173046237e-01
6.425365089173472599e-01
4.517885674239339733e-01
2.406420962218955018e-01
2.255900741976731017e-02
-1.920316601256559230e-01
-3.963127696286514734e-01
-5.856711407559498372e-01
-7.538624485738911751e-01
-8.880003205967187396e-01
-9.662850173542716359e-01
-9.644615199180213150e-01
-8.736323429614372138e-01
-7.162771806816062847e-01
-5.328110482058943109e-01
-3.448000541766013116e-01
-1.478206316574805779e-01
6.393373264400022127e-02
2.848693418465459981e-01
5.003594372272892610e-01
6.913145414287680257e-01
8.386332118686365966e-01
9.273326704805471277e-01
9.492955996623865245e-01
9.040732039626059313e-01
7.980316317173046237e-01
6.425365089173472599e-01
4.517885674239405236e-01
2.406420962218950299e-01
2.255900741976731017e-02
-1.920316601256559230e-01
-3.963127696286489754e-01
-5.856711407559448412e-01
-7.538624485738936176e-01
-8.880003205967187396e-01
-9.662850173542690824e-01
-9.644615199180213150e-01
-8.736323429614397673e-01
-7.162771806816062847e-01
-5.328110482059018604e-01
-3.448000541765972593e-01
-1.478206316574831036e-01
6.393373264399769551e-02
2.848693418465459981e-01
5.003594372272862634e-01
6.913145414287715784e-01
8.386332118686365966e-01
9.273326704805471277e-01
9.492955996623865245e-01
9.040732039626059313e-01
7.980316317173046237e-01
6.425365089173472599e-01
4.517885674239405236e-01
2.406420962218914772e-01
2.255900741976731017e-02
-1.920316601256559230e-01
-3.963127696286489754e-01
-5.856711407559448412e-01
-7.538624485738977254e-01
-8.880003205967136326e-01
-9.662850173542690824e-01
-9.644615199180213150e-01
-8.736323429614397673e-01
-7.162771806816062847e-01
-5.328110482059018604e-01
-3.448000541765998128e-01
-1.478206316574831036e-01
6.393373264400124822e-02
2.848693418465435001e-01
5.003594372272862634e-01
6.913145414287690249e-01
8.386332118686375958e-01
9.273326704805471277e-01
9.492955996623865245e-01
9.040732039626059313e-01
7.980316317173046237e-01
6.425365089173472599e-01
4.517885674239405236e-01
2.406420962218940029e-01
2.255900741976731017e-02
-1.920316601256533973e-01
-3.963127696286489754e-01
-5.856711407559448412e-01
-7.538624485738977254e-01
-8.880003205967136326e-01
-9.662850173542690824e-01
-9.644615199180213150e-01
-8.736323429614397673e-01
-7.162771806816062847e-01
-5.328110482059018604e-01
-3.448000541765998128e-01
-1.478206316574831036e-01
6.393373264400124822e-02
2.848693418465504945e-01
5.003594372272837099e-01
6.913145414287690249e-01
8.386332118686375958e-01
9.273326704805466836e-01
9.492955996623865245e-01
9.040732039626092620e-01
7.980316317173046237e-01
6.425365089173518118e-01
4.517885674239369709e-01
2.406420962219020521e-01
2.255900741976375745e-02
-1.920316601256489009e-01
-3.963127696286514734e-01
-5.856711407559448412e-01
-7.538624485738951719e-01
-8.880003205967136326e-01
-9.662850173542716359e-01
-9.644615199180187615e-01
-8.736323429614346603e-01
-7.162771806816113918e-01
-5.328110482058917574e-01
-3.448000541765987581e-01
-1.478206316574801060e-01
6.393373264399769551e-02
2.848693418465540472e-01
5.003594372272837099e-01
6.913145414287690249e-01
8.386332118686375958e-01
9.273326704805486820e-01
9.492955996623865245e-01
9.040732039626092620e-01
7.980316317173046237e-01
6.425365089173518118e-01
4.517885674239394689e-01
2.406420962218984994e-01
2.255900741976375745e-02
-1.920316601256489009e-01
-3.963127696286489754e-01
-5.856711407559422877e-01
-7.538624485738951719e-01
-8.880003205967136326e-01
-9.662850173542716359e-01
-9.644615199180213150e-01
-8.736323429614346603e-01
-7.162771806816113918e-01
-5.328110482058917574e-01
-3.448000541765987581e-01
-1.478206316574801060e-01
6.393373264399516975e-02
2.848693418465540472e-01
5.003594372272811563e-01
6.913145414287690249e-01
8.386332118686375958e-01
9.273326704805486820e-01
9.492955996623847481e-01
9.040732039626124816e-01
7.980316317173046237e-01
6.425365089173462607e-01
4.517885674239394689e-01
2.406420962219010251e-01
2.255900741977432539e-02
-1.920316601256489009e-01
-3.963127696286580237e-01
-5.856711407559357374e-01
-7.538624485738977254e-01
-8.880003205967187396e-01
-9.662850173542690824e-01
-9.644615199180187615e-01
-8.736323429614372138e-01
-7.162771806816062847e-01
-5.328110482058852071e-01
-3.448000541766103599e-01
-1.478206316574725288e-01
6.393373264399068723e-02
2.848693418465540472e-01
5.003594372272882618e-01
6.913145414287640289e-01
8.386332118686375958e-01
9.273326704805471277e-01
9.492955996623865245e-01
9.040732039626092620e-01
7.980316317173076213e-01
6.425365089173507016e-01
4.517885674239314198e-01
2.406420962219176507e-01
2.255900741976020474e-02
-1.920316601256508715e-01
-3.963127696286464219e-01
-5.856711407559422877e-01
-7.538624485738911751e-01
-8.880003205967187396e-01
-9.662850173542706367e-01
-9.644615199180187615e-01
-8.736323429614346603e-01
-7.162771806816037312e-01
-5.328110482058943109e-01
-3.448000541766013116e-01
-1.478206316574856294e-01
